100 10 temp
0.0392692597 0.0485150954 0.0464160901 0.0046467287 0.0454545227 0.0077376600 0.0170104668 0.0418509963 0.0387565518 0.0298158584 
0.0392097835 0.0484416310 0.0463617489 0.0046396727 0.0453855338 0.0077259191 0.0169847101 0.0417875597 0.0386979653 0.0305935028 
0.0388534079 0.0479975764 0.0462185117 0.0045960325 0.0449613448 0.0076552238 0.0168344444 0.0414054085 0.0383551597 0.0348275134 
0.0391880566 0.0484147748 0.0463390579 0.0046370968 0.0453603451 0.0077216320 0.0169752997 0.0417643832 0.0386765353 0.0308781478 
0.0393659395 0.0486345415 0.0465261693 0.0046581711 0.0455664487 0.0077567131 0.0170523480 0.0419540435 0.0388519643 0.0284936106 
0.0391025683 0.0483091714 0.0462815146 0.0046268737 0.0452605585 0.0077046958 0.0169384273 0.0416731070 0.0385929299 0.0319426216 
0.0390171082 0.0482031959 0.0462246070 0.0046165892 0.0451603112 0.0076877339 0.0169017105 0.0415816208 0.0385094444 0.0329851788 
0.0391688877 0.0483910664 0.0463153986 0.0046348298 0.0453381669 0.0077178555 0.0169669905 0.0417439422 0.0386575773 0.0311325083 
0.0392678773 0.0485133907 0.0464167920 0.0046465634 0.0454529085 0.0077373853 0.0170098679 0.0418495175 0.0387551985 0.0298314314 
0.0391923454 0.0484200585 0.0463374831 0.0046376143 0.0453653881 0.0077224879 0.0169771488 0.0417689731 0.0386806926 0.0308299397 
0.0391810644 0.0484061428 0.0463345100 0.0046362629 0.0453522010 0.0077202477 0.0169722772 0.0417569193 0.0386696816 0.0309658387 
0.0393016146 0.0485550702 0.0464523203 0.0046505585 0.0454919841 0.0077440370 0.0170244831 0.0418854846 0.0387884813 0.0293783433 
0.0389045210 0.0480625748 0.0462289270 0.0046024788 0.0450236829 0.0076653732 0.0168553950 0.0414609368 0.0384040309 0.0342460598 
0.0389626309 0.0481353028 0.0461890941 0.0046099974 0.0450961408 0.0076768985 0.0168783590 0.0415230722 0.0384561059 0.0336388118 
0.0393245113 0.0485833589 0.0464786923 0.0046532683 0.0455184902 0.0077485492 0.0170344018 0.0419098887 0.0388110789 0.0290652178 
0.0392180937 0.0484518851 0.0463665305 0.0046406632 0.0453952087 0.0077275643 0.0169883041 0.0417964292 0.0387061119 0.0304892950 
0.0391244377 0.0483361441 0.0462866305 0.0046295198 0.0452863250 0.0077090479 0.0169477911 0.0416964606 0.0386140252 0.0316843693 
0.0392196056 0.0484537438 0.0463637229 0.0046408475 0.0453970015 0.0077278685 0.0169889562 0.0417980531 0.0387075652 0.0304751471 
0.0388522744 0.0479961295 0.0462212452 0.0045958686 0.0449597747 0.0076550117 0.0168340941 0.0414042229 0.0383543395 0.0348373945 
0.0391501498 0.0483679029 0.0462985185 0.0046326031 0.0453164035 0.0077141526 0.0169588787 0.0417239402 0.0386391238 0.0313718715 
0.0391564650 0.0483757201 0.0463079123 0.0046333469 0.0453236867 0.0077153940 0.0169616203 0.0417306716 0.0386453966 0.0312866294 
0.0388106440 0.0479424688 0.0462455683 0.0045903251 0.0449063428 0.0076469479 0.0168186346 0.0413592194 0.0383174950 0.0352777010 
0.0388313032 0.0479692161 0.0462403843 0.0045930374 0.0449325019 0.0076509798 0.0168265435 0.0413817455 0.0383364558 0.0350521833 
0.0388992011 0.0480557260 0.0462010056 0.0046019750 0.0450186340 0.0076642549 0.0168524017 0.0414547993 0.0383968534 0.0343350628 
0.0392498689 0.0484911458 0.0463993126 0.0046444289 0.0454320347 0.0077338324 0.0170020675 0.0418303140 0.0387374466 0.0300695239 
0.0393845348 0.0486575148 0.0465475116 0.0046603716 0.0455879746 0.0077603774 0.0170604033 0.0419738623 0.0388703161 0.0282347110 
0.0392343339 0.0484719549 0.0463840638 0.0046425871 0.0454140244 0.0077307670 0.0169953391 0.0418137470 0.0387221351 0.0302741877 
0.0389655672 0.0481391118 0.0462230570 0.0046101947 0.0450983247 0.0076774674 0.0168801984 0.0415264233 0.0384607426 0.0335680560 
0.0389484348 0.0481175600 0.0461861857 0.0046082434 0.0450791343 0.0076740645 0.0168723828 0.0415077879 0.0384424799 0.0338009875 
0.0391977706 0.0484267623 0.0463423202 0.0046382584 0.0453716848 0.0077235594 0.0169794983 0.0417747622 0.0386860368 0.0307600408 
0.0390788238 0.0482796564 0.0462385775 0.0046241045 0.0452333899 0.0077000382 0.0169280293 0.0416477286 0.0385689550 0.0322671370 
0.0388314551 0.0479694041 0.0462338966 0.0045931031 0.0449331257 0.0076509675 0.0168263153 0.0413817653 0.0383359360 0.0350568948 
0.0389456458 0.0481140953 0.0461998892 0.0046078240 0.0450751929 0.0076734996 0.0168714782 0.0415048433 0.0384405722 0.0338172332 
0.0392784208 0.0485264172 0.0464282317 0.0046478119 0.0454651195 0.0077394640 0.0170144354 0.0418607576 0.0387656011 0.0296898458 
0.0391390511 0.0483541748 0.0462847414 0.0046312907 0.0453035640 0.0077119661 0.0169540670 0.0417121045 0.0386281440 0.0315178380 
0.0393374238 0.0485993126 0.0464939143 0.0046547962 0.0455334368 0.0077510935 0.0170399953 0.0419236506 0.0388238236 0.0288872165 
0.0390486230 0.0482422385 0.0462206684 0.0046204756 0.0451980075 0.0076940389 0.0169150196 0.0416153928 0.0385394106 0.0326325651 
0.0392275267 0.0484635471 0.0463778206 0.0046417793 0.0454061270 0.0077294231 0.0169923916 0.0418064865 0.0387154315 0.0303630113 
0.0392612127 0.0485051604 0.0464110816 0.0046457729 0.0454451787 0.0077360697 0.0170069813 0.0418424094 0.0387486339 0.0299186660 
0.0390502308 0.0482442822 0.0462376519 0.0046206151 0.0451994745 0.0076943266 0.0169158380 0.0416171010 0.0385414761 0.0325941770 
0.0393982984 0.0486745188 0.0465634448 0.0046620003 0.0456039066 0.0077630895 0.0170663654 0.0419885311 0.0388838997 0.0280419666 
0.0393406834 0.0486033388 0.0464971560 0.0046551822 0.0455372120 0.0077517361 0.0170414074 0.0419271254 0.0388270390 0.0288430096 
0.0389254977 0.0480889768 0.0462258870 0.0046051491 0.0450494988 0.0076695181 0.0168638235 0.0414834636 0.0384234025 0.0340145204 
0.0392356276 0.0484735442 0.0463822233 0.0046427439 0.0454155516 0.0077310263 0.0169958974 0.0418151334 0.0387233822 0.0302612996 
0.0393436804 0.0486070412 0.0465002920 0.0046555370 0.0455406824 0.0077523269 0.0170427057 0.0419303201 0.0388299960 0.0288021107 
0.0393451270 0.0486088283 0.0465019450 0.0046557082 0.0455423569 0.0077526120 0.0170433324 0.0419318619 0.0388314236 0.0287821640 
0.0390107118 0.0481951820 0.0462000683 0.0046158987 0.0451534278 0.0076864975 0.0168987386 0.0415747460 0.0385024072 0.0330857596 
0.0391726250 0.0483957234 0.0463287595 0.0046352562 0.0453423697 0.0077185768 0.0169686305 0.0417479113 0.0386614116 0.0310718148 
0.0393461963 0.0486101499 0.0465035494 0.0046558346 0.0455435936 0.0077528225 0.0170437955 0.0419330011 0.0388324799 0.0287668808 
0.0393446873 0.0486082856 0.0465018214 0.0046556560 0.0455418468 0.0077525251 0.0170431418 0.0419313928 0.0388309906 0.0287877005 
0.0392231993 0.0484581850 0.0463678524 0.0046412729 0.0454011625 0.0077285768 0.0169905131 0.0418018842 0.0387111128 0.0304272941 
0.0389738844 0.0481493948 0.0462092547 0.0046113004 0.0451089280 0.0076791260 0.0168833860 0.0415352316 0.0384677716 0.0334900516 
0.0392477164 0.0484884798 0.0463944078 0.0046441765 0.0454295613 0.0077334110 0.0170011341 0.0418280247 0.0387353035 0.0301016567 
0.0392290005 0.0484653684 0.0463794155 0.0046419539 0.0454078345 0.0077297137 0.0169930300 0.0418080580 0.0387168856 0.0303434737 
0.0393721430 0.0486422052 0.0465330684 0.0046589052 0.0455736304 0.0077579356 0.0170550353 0.0419606554 0.0388580862 0.0284077101 
0.0391676126 0.0483894969 0.0463169869 0.0046346737 0.0453366502 0.0077175988 0.0169664432 0.0417425732 0.0386563569 0.0311453378 
0.0388982348 0.0480545967 0.0462239440 0.0046017121 0.0450162423 0.0076641142 0.0168526911 0.0414540690 0.0383977260 0.0343216599 
0.0389275904 0.0480914824 0.0462050538 0.0046055314 0.0450530516 0.0076699051 0.0168641390 0.0414854552 0.0384238661 0.0340136767 
0.0391975581 0.0484265425 0.0463530394 0.0046382167 0.0453713089 0.0077235006 0.0169794240 0.0417745158 0.0386859747 0.0307486004 
0.0390981750 0.0483036418 0.0462640840 0.0046263885 0.0452557432 0.0077038505 0.0169364391 0.0416683962 0.0385881991 0.0320145260 
0.0391189285 0.0483293687 0.0462884763 0.0046288461 0.0452797792 0.0077079459 0.0169454450 0.0416905769 0.0386087832 0.0317456310 
0.0393338179 0.0485948571 0.0464894599 0.0046543696 0.0455292637 0.0077503831 0.0170384333 0.0419198078 0.0388202639 0.0289372745 
0.0390401478 0.0482317598 0.0462281389 0.0046194118 0.0451877264 0.0076923294 0.0169114764 0.0416062984 0.0385315148 0.0327199901 
0.0391900614 0.0484172325 0.0463326022 0.0046373469 0.0453627668 0.0077220411 0.0169761576 0.0417665454 0.0386784181 0.0308630181 
0.0391764144 0.0484003671 0.0463207641 0.0046357260 0.0453469228 0.0077193448 0.0169702478 0.0417519802 0.0386649759 0.0310378424 
0.0392124536 0.0484449244 0.0463631214 0.0046399913 0.0453886451 0.0077264480 0.0169858642 0.0417904094 0.0387005790 0.0305602586 
0.0393830532 0.0486556843 0.0465457033 0.0046601963 0.0455862597 0.0077600855 0.0170597615 0.0419722833 0.0388688538 0.0282555438 
0.0389365111 0.0481026397 0.0461936273 0.0046067138 0.0450643977 0.0076716795 0.0168675678 0.0414949767 0.0384315793 0.0339262709 
0.0392816320 0.0485303879 0.0464330434 0.0046481911 0.0454688302 0.0077400957 0.0170158266 0.0418641786 0.0387687777 0.0296448401 
0.0387846339 0.0479084325 0.0462936586 0.0045865732 0.0448699296 0.0076423461 0.0168111880 0.0413319788 0.0382986576 0.0355228931 
0.0393515699 0.0486167881 0.0465092746 0.0046564707 0.0455498155 0.0077538816 0.0170461234 0.0419387288 0.0388377820 0.0286932637 
0.0393114080 0.0485671700 0.0464636906 0.0046517175 0.0455033210 0.0077459669 0.0170287255 0.0418959226 0.0387981471 0.0292445460 
0.0392139106 0.0484467076 0.0463586849 0.0046401717 0.0453903944 0.0077267440 0.0169864896 0.0417919771 0.0387019540 0.0305489042 
0.0389249087 0.0480882454 0.0462269835 0.0046050685 0.0450487254 0.0076694037 0.0168636145 0.0414828478 0.0384229376 0.0340199250 
0.0389811569 0.0481584258 0.0462015173 0.0046122404 0.0451179721 0.0076805851 0.0168863023 0.0415430076 0.0384742796 0.0334169899 
0.0392275224 0.0484635266 0.0463721714 0.0046417852 0.0454061732 0.0077294297 0.0169923858 0.0418064948 0.0387153761 0.0303705194 
0.0391639592 0.0483849725 0.0463097979 0.0046342462 0.0453324586 0.0077168837 0.0169648550 0.0417386856 0.0386527096 0.0311970605 
0.0391511194 0.0483691305 0.0463078009 0.0046327018 0.0453174014 0.0077143289 0.0169593209 0.0417249566 0.0386402197 0.0313488718 
0.0392147296 0.0484477195 0.0463594329 0.0046402688 0.0453913444 0.0077269057 0.0169868443 0.0417928508 0.0387027610 0.0305382737 
0.0391149389 0.0483243632 0.0462708360 0.0046284063 0.0452754112 0.0077071834 0.0169436523 0.0416863258 0.0386045196 0.0318134944 
0.0391728121 0.0483959307 0.0463239379 0.0046352877 0.0453426586 0.0077186223 0.0169686984 0.0417481174 0.0386615088 0.0310758155 
0.0391526547 0.0483710598 0.0463143508 0.0046328733 0.0453190992 0.0077146234 0.0169600050 0.0417265943 0.0386418443 0.0313227320 
0.0389587889 0.0481305886 0.0462138305 0.0046093949 0.0450905107 0.0076761169 0.0168772032 0.0415190660 0.0384537931 0.0336545016 
0.0392083318 0.0484398336 0.0463595814 0.0046395016 0.0453838585 0.0077256336 0.0169840802 0.0417860120 0.0386965242 0.0306134280 
0.0388981044 0.0480543819 0.0462143542 0.0046017545 0.0450165962 0.0076640627 0.0168523400 0.0414537783 0.0383968240 0.0343332565 
0.0393160768 0.0485729381 0.0464689312 0.0046522701 0.0455087263 0.0077468870 0.0170307480 0.0419008990 0.0388027545 0.0291808732 
0.0388903846 0.0480445769 0.0461958967 0.0046008904 0.0450081150 0.0076624942 0.0168486606 0.0414452163 0.0383881778 0.0344386831 
0.0392299432 0.0484665166 0.0463733831 0.0046420733 0.0454089882 0.0077299088 0.0169934344 0.0418090802 0.0387177567 0.0303402925 
0.0389935105 0.0481738364 0.0462123555 0.0046137232 0.0451324285 0.0076830390 0.0168916366 0.0415562955 0.0384865048 0.0332656769 
0.0392733399 0.0485201387 0.0464221524 0.0046472107 0.0454592386 0.0077384628 0.0170122343 0.0418553423 0.0387605850 0.0297588931 
0.0393332542 0.0485941605 0.0464887215 0.0046543030 0.0455286114 0.0077502721 0.0170381891 0.0419192071 0.0388197073 0.0289451537 
0.0393048124 0.0485590211 0.0464560277 0.0046509370 0.0454956859 0.0077446672 0.0170258683 0.0418888929 0.0387916374 0.0293347046 
0.0393248484 0.0485837750 0.0464787273 0.0046533083 0.0455188817 0.0077486158 0.0170345479 0.0419102485 0.0388114106 0.0290610801 
0.0391280243 0.0483405763 0.0462888413 0.0046299493 0.0452905158 0.0077097592 0.0169493377 0.0417002924 0.0386175312 0.0316401954 
0.0391332912 0.0483470571 0.0462836423 0.0046305980 0.0452968100 0.0077108197 0.0169515823 0.0417059387 0.0386225268 0.0315858316 
0.0392995154 0.0485524797 0.0464518417 0.0046503090 0.0454895446 0.0077436218 0.0170235735 0.0418832436 0.0387864175 0.0294042972 
0.0392622222 0.0485064028 0.0464102389 0.0046458941 0.0454463616 0.0077362709 0.0170074181 0.0418434895 0.0387496165 0.0299077555 
0.0389651291 0.0481386041 0.0462276775 0.0046101163 0.0450975983 0.0076773825 0.0168801172 0.0415260063 0.0384606337 0.0335677916 
0.0390963487 0.0483013701 0.0462597446 0.0046261781 0.0452536739 0.0077034945 0.0169356352 0.0416664480 0.0385863349 0.0320407938 
0.0388717789 0.0480211051 0.0462381181 0.0045982528 0.0449828622 0.0076589446 0.0168425500 0.0414257458 0.0383742398 0.0346024600 
