1 5 temp
0.944451 0.968650 0.699155 0.209639 0.800417 
1 8 temp
0.912616 0.644319 0.898763 0.782000 0.647936 0.935439 1.012921 0.589392 
1 10 temp
0.502834 0.507683 0.422484 0.780557 0.147476 0.950183 0.500922 0.801343 0.240319 0.620719 
2 5 temp
0.195247 0.117242 0.076349 0.994969 0.063333 
0.856965 0.177432 0.927392 0.756471 0.416268 
5 8 temp
0.853841 0.775452 0.769310 0.742734 0.189568 0.617473 0.765532 0.211454 
0.742584 0.833777 0.908224 0.191382 0.677495 0.865277 0.072520 0.648989 
0.570285 0.448901 0.674391 0.946961 0.661911 0.860303 0.436555 0.183440 
0.588128 0.102094 0.458054 0.709583 0.935162 0.945756 0.508523 0.706154 
0.130685 0.710096 0.825403 0.728099 0.393221 0.611352 0.347682 0.674601 
8 10 temp
0.131562 0.329440 0.079443 0.851855 0.083290 0.560651 0.363202 0.442547 0.001242 0.132484 
0.060666 0.916833 0.188582 0.011791 0.532804 0.340619 0.383034 0.198867 0.501120 0.142406 
0.333537 0.300716 0.817413 0.892217 0.248003 0.210770 0.623792 0.059580 0.771439 0.422974 
0.492151 0.390231 0.909548 0.281879 0.303247 0.910666 0.323262 0.053688 0.851280 0.952546 
0.399873 0.258770 0.701677 0.851515 0.718723 0.640540 0.582666 0.696557 0.141087 0.782022 
0.294115 0.281239 0.186886 0.692220 0.887679 0.390783 0.833859 0.951863 0.581524 0.452976 
0.969347 0.967706 0.261670 0.351494 0.558704 0.730522 0.892578 0.474177 0.751000 0.912005 
0.928420 0.323004 0.778318 0.421339 0.606803 0.870471 0.192342 0.621645 0.270937 0.681776 
