100 2 temp
0.004200 0.847000 
0.633500 0.650500 
0.917200 0.572700 
0.148100 0.936300 
0.696700 0.446900 
0.570600 0.815000 
0.328600 0.683000 
0.996200 0.049200 
0.299600 0.194500 
0.482800 0.543700 
0.239800 0.460700 
0.390300 0.015400 
0.029300 0.238500 
0.742400 0.871900 
0.972100 0.989800 
0.544800 0.173100 
0.477400 0.154100 
0.187000 0.991500 
0.567200 0.630400 
0.703800 0.989500 
0.870800 0.381600 
0.132900 0.034000 
0.767600 0.466500 
0.514400 0.771200 
0.825800 0.686900 
0.555200 0.764900 
0.266900 0.276400 
0.004200 0.286200 
0.872400 0.974200 
0.753400 0.077900 
0.231900 0.303600 
0.219500 0.184300 
0.028900 0.011300 
0.904100 0.894300 
0.926700 0.265300 
0.745100 0.381000 
0.589300 0.673000 
0.437500 0.535300 
0.500900 0.110800 
0.439800 0.354900 
0.963200 0.262600 
0.408900 0.995700 
0.875900 0.184300 
0.496700 0.737700 
0.393400 0.631300 
0.694700 0.244600 
0.463100 0.132600 
0.553800 0.154300 
0.612100 0.208300 
0.293400 0.654400 
0.483400 0.112200 
0.464000 0.966300 
0.270900 0.993100 
0.398000 0.230700 
0.168000 0.239100 
0.502200 0.875000 
0.692900 0.907500 
0.627100 0.583000 
0.678200 0.557600 
0.509800 0.651500 
0.399100 0.329300 
0.916200 0.863900 
0.236000 0.477200 
0.366000 0.557700 
0.403200 0.205500 
0.735500 0.115100 
0.694400 0.172900 
0.396900 0.343100 
0.111400 0.019800 
0.801000 0.134000 
0.546000 0.229000 
0.775800 0.038600 
0.494800 0.891000 
0.221600 0.975900 
0.422600 0.859100 
0.642300 0.495100 
0.751100 0.303300 
0.641600 0.917300 
0.090100 0.259800 
0.876500 0.165600 
0.741300 0.636000 
0.762900 0.054200 
0.155300 0.648400 
0.760000 0.404200 
0.360300 0.435500 
0.029400 0.084300 
0.937500 0.102300 
0.459700 0.402600 
0.735300 0.320400 
0.967100 0.448900 
0.828200 0.473500 
0.005400 0.200000 
0.642300 0.794300 
0.690100 0.378900 
0.813000 0.046800 
0.372900 0.489600 
0.465300 0.248800 
0.781000 0.242200 
0.431300 0.661800 
0.281800 0.951500 
