100 10 temp
0.380081 0.960506 0.640242 0.572884 0.412609 0.830879 0.910757 0.660001 0.540877 0.910036 
0.380066 0.960477 0.640238 0.572782 0.412446 0.830799 0.910711 0.660001 0.540665 0.910035 
0.380064 0.960473 0.640238 0.572767 0.412421 0.830789 0.910705 0.660001 0.540631 0.910035 
0.380069 0.960484 0.640239 0.572808 0.412490 0.830819 0.910722 0.660001 0.540722 0.910035 
0.380069 0.960482 0.640238 0.572803 0.412480 0.830814 0.910721 0.660001 0.540713 0.910035 
0.380065 0.960475 0.640238 0.572772 0.412430 0.830793 0.910707 0.660001 0.540643 0.910035 
0.380072 0.960489 0.640239 0.572829 0.412522 0.830834 0.910732 0.660001 0.540768 0.910035 
0.380072 0.960488 0.640239 0.572833 0.412522 0.830832 0.910734 0.660001 0.540777 0.910035 
0.380169 0.960646 0.640269 0.573317 0.413228 0.831229 0.910985 0.660002 0.541681 0.910043 
0.380072 0.960488 0.640239 0.572828 0.412519 0.830832 0.910732 0.660001 0.540765 0.910035 
0.380102 0.960541 0.640248 0.573003 0.412783 0.830971 0.910816 0.660001 0.541108 0.910037 
0.380229 0.960732 0.640289 0.573565 0.413566 0.831433 0.911126 0.660003 0.542118 0.910050 
0.380356 0.960928 0.640334 0.574010 0.414210 0.831869 0.911386 0.660005 0.542863 0.910064 
0.380064 0.960472 0.640237 0.572761 0.412412 0.830785 0.910703 0.660001 0.540617 0.910035 
0.380063 0.960471 0.640237 0.572755 0.412402 0.830782 0.910701 0.660001 0.540601 0.910035 
0.380102 0.960539 0.640248 0.573006 0.412780 0.830966 0.910819 0.660001 0.541116 0.910037 
0.380121 0.960569 0.640253 0.573100 0.412916 0.831042 0.910868 0.660001 0.541292 0.910039 
0.380067 0.960480 0.640238 0.572791 0.412463 0.830807 0.910715 0.660001 0.540686 0.910035 
0.380067 0.960479 0.640238 0.572792 0.412463 0.830807 0.910716 0.660001 0.540689 0.910035 
0.380064 0.960472 0.640237 0.572758 0.412408 0.830784 0.910702 0.660001 0.540611 0.910035 
0.380067 0.960478 0.640238 0.572787 0.412454 0.830802 0.910714 0.660001 0.540679 0.910035 
0.380550 0.961192 0.640407 0.574659 0.415072 0.832454 0.911786 0.660010 0.543927 0.910091 
0.380067 0.960478 0.640238 0.572789 0.412457 0.830804 0.910714 0.660001 0.540682 0.910035 
0.380066 0.960477 0.640238 0.572780 0.412445 0.830799 0.910711 0.660001 0.540663 0.910035 
0.380064 0.960473 0.640237 0.572765 0.412419 0.830788 0.910705 0.660001 0.540627 0.910035 
0.380066 0.960476 0.640238 0.572777 0.412439 0.830796 0.910709 0.660001 0.540655 0.910035 
0.380146 0.960611 0.640262 0.573215 0.413087 0.831145 0.910929 0.660002 0.541499 0.910041 
0.380325 0.960883 0.640323 0.573897 0.414058 0.831769 0.911318 0.660004 0.542674 0.910060 
0.380064 0.960472 0.640237 0.572756 0.412404 0.830782 0.910701 0.660001 0.540604 0.910035 
0.380087 0.960513 0.640243 0.572925 0.412660 0.830901 0.910778 0.660001 0.540962 0.910036 
0.380149 0.960616 0.640262 0.573225 0.413102 0.831155 0.910934 0.660002 0.541516 0.910041 
0.380223 0.960728 0.640287 0.573535 0.413538 0.831422 0.911108 0.660003 0.542063 0.910049 
0.380933 0.961711 0.640560 0.575774 0.416568 0.833549 0.912502 0.660021 0.545681 0.910150 
0.380064 0.960472 0.640237 0.572757 0.412405 0.830783 0.910702 0.660001 0.540606 0.910035 
0.380068 0.960480 0.640238 0.572797 0.412469 0.830809 0.910718 0.660001 0.540700 0.910035 
0.380069 0.960483 0.640239 0.572808 0.412486 0.830816 0.910722 0.660001 0.540723 0.910035 
0.380066 0.960477 0.640238 0.572784 0.412450 0.830801 0.910712 0.660001 0.540670 0.910035 
0.380074 0.960493 0.640240 0.572845 0.412544 0.830845 0.910739 0.660001 0.540799 0.910035 
0.380127 0.960578 0.640255 0.573130 0.412958 0.831066 0.910884 0.660001 0.541348 0.910039 
0.380089 0.960519 0.640244 0.572936 0.412680 0.830914 0.910783 0.660001 0.540981 0.910036 
0.380067 0.960479 0.640238 0.572792 0.412461 0.830805 0.910716 0.660001 0.540689 0.910035 
0.380065 0.960474 0.640238 0.572770 0.412427 0.830791 0.910706 0.660001 0.540638 0.910035 
0.380071 0.960487 0.640239 0.572826 0.412513 0.830828 0.910731 0.660001 0.540762 0.910035 
0.380067 0.960478 0.640238 0.572786 0.412454 0.830803 0.910713 0.660001 0.540676 0.910035 
0.380072 0.960488 0.640239 0.572827 0.412518 0.830832 0.910731 0.660001 0.540762 0.910035 
0.380077 0.960497 0.640241 0.572865 0.412572 0.830857 0.910749 0.660001 0.540841 0.910035 
0.380131 0.960585 0.640257 0.573150 0.412987 0.831083 0.910894 0.660001 0.541384 0.910040 
0.380104 0.960542 0.640248 0.573017 0.412794 0.830974 0.910824 0.660001 0.541136 0.910037 
0.380087 0.960515 0.640243 0.572926 0.412663 0.830904 0.910778 0.660001 0.540963 0.910036 
0.380075 0.960495 0.640240 0.572850 0.412554 0.830850 0.910741 0.660001 0.540810 0.910035 
0.380131 0.960586 0.640257 0.573153 0.412990 0.831084 0.910896 0.660001 0.541388 0.910040 
0.380065 0.960474 0.640238 0.572768 0.412425 0.830790 0.910706 0.660001 0.540634 0.910035 
0.380066 0.960477 0.640238 0.572781 0.412446 0.830799 0.910711 0.660001 0.540664 0.910035 
0.380120 0.960569 0.640253 0.573097 0.412914 0.831042 0.910866 0.660001 0.541285 0.910039 
0.380219 0.960723 0.640286 0.573515 0.413513 0.831408 0.911096 0.660003 0.542027 0.910048 
0.380065 0.960475 0.640238 0.572772 0.412431 0.830793 0.910707 0.660001 0.540643 0.910035 
0.380064 0.960473 0.640237 0.572761 0.412413 0.830786 0.910703 0.660001 0.540617 0.910035 
0.380067 0.960479 0.640238 0.572791 0.412461 0.830805 0.910715 0.660001 0.540686 0.910035 
0.380067 0.960478 0.640238 0.572788 0.412456 0.830803 0.910714 0.660001 0.540679 0.910035 
0.380068 0.960481 0.640238 0.572798 0.412472 0.830810 0.910718 0.660001 0.540701 0.910035 
0.380099 0.960534 0.640247 0.572987 0.412755 0.830954 0.910808 0.660001 0.541079 0.910037 
0.380064 0.960472 0.640237 0.572757 0.412406 0.830783 0.910702 0.660001 0.540607 0.910035 
0.380100 0.960537 0.640247 0.572991 0.412765 0.830961 0.910810 0.660001 0.541085 0.910037 
0.380077 0.960498 0.640241 0.572862 0.412571 0.830858 0.910747 0.660001 0.540834 0.910035 
0.380126 0.960578 0.640255 0.573125 0.412954 0.831065 0.910880 0.660001 0.541337 0.910039 
0.380085 0.960510 0.640243 0.572912 0.412641 0.830891 0.910772 0.660001 0.540936 0.910036 
0.380083 0.960507 0.640242 0.572901 0.412625 0.830883 0.910766 0.660001 0.540913 0.910036 
0.380097 0.960531 0.640246 0.572976 0.412740 0.830946 0.910803 0.660001 0.541059 0.910037 
0.380637 0.961311 0.640441 0.574927 0.415433 0.832711 0.911956 0.660012 0.544357 0.910104 
0.380078 0.960498 0.640241 0.572870 0.412578 0.830860 0.910751 0.660001 0.540851 0.910035 
0.380093 0.960524 0.640245 0.572956 0.412708 0.830927 0.910793 0.660001 0.541020 0.910036 
0.380089 0.960517 0.640244 0.572938 0.412677 0.830910 0.910784 0.660001 0.540987 0.910036 
0.380065 0.960475 0.640238 0.572771 0.412430 0.830792 0.910707 0.660001 0.540642 0.910035 
0.380067 0.960479 0.640238 0.572789 0.412459 0.830805 0.910714 0.660001 0.540681 0.910035 
0.380066 0.960477 0.640238 0.572780 0.412444 0.830799 0.910711 0.660001 0.540662 0.910035 
0.380069 0.960482 0.640238 0.572804 0.412481 0.830814 0.910721 0.660001 0.540714 0.910035 
0.380071 0.960487 0.640239 0.572825 0.412513 0.830829 0.910730 0.660001 0.540760 0.910035 
0.380064 0.960473 0.640237 0.572762 0.412415 0.830787 0.910704 0.660001 0.540621 0.910035 
0.380264 0.960792 0.640301 0.573684 0.413754 0.831565 0.911193 0.660003 0.542315 0.910053 
0.380072 0.960488 0.640239 0.572832 0.412521 0.830832 0.910733 0.660001 0.540773 0.910035 
0.380065 0.960475 0.640238 0.572773 0.412433 0.830793 0.910708 0.660001 0.540646 0.910035 
0.380089 0.960516 0.640244 0.572936 0.412674 0.830908 0.910783 0.660001 0.540982 0.910036 
0.380087 0.960515 0.640243 0.572917 0.412657 0.830903 0.910773 0.660001 0.540942 0.910036 
0.380068 0.960481 0.640238 0.572800 0.412475 0.830811 0.910719 0.660001 0.540707 0.910035 
0.380089 0.960518 0.640244 0.572931 0.412675 0.830912 0.910781 0.660001 0.540971 0.910036 
0.380675 0.961369 0.640456 0.575030 0.415585 0.832829 0.912019 0.660013 0.544515 0.910109 
0.380072 0.960488 0.640239 0.572834 0.412524 0.830833 0.910734 0.660001 0.540778 0.910035 
0.380082 0.960506 0.640242 0.572894 0.412619 0.830882 0.910763 0.660001 0.540900 0.910036 
0.380071 0.960487 0.640239 0.572825 0.412512 0.830828 0.910730 0.660001 0.540759 0.910035 
0.380065 0.960474 0.640238 0.572771 0.412429 0.830792 0.910707 0.660001 0.540642 0.910035 
0.380066 0.960476 0.640238 0.572781 0.412445 0.830798 0.910711 0.660001 0.540664 0.910035 
0.380456 0.961070 0.640371 0.574342 0.414665 0.832182 0.911587 0.660007 0.543408 0.910077 
0.380065 0.960474 0.640238 0.572769 0.412425 0.830790 0.910706 0.660001 0.540635 0.910035 
0.380071 0.960486 0.640239 0.572820 0.412506 0.830825 0.910728 0.660001 0.540749 0.910035 
0.380084 0.960509 0.640243 0.572910 0.412636 0.830888 0.910770 0.660001 0.540932 0.910036 
0.380082 0.960506 0.640242 0.572891 0.412615 0.830880 0.910761 0.660001 0.540893 0.910036 
0.380102 0.960539 0.640248 0.573005 0.412779 0.830967 0.910818 0.660001 0.541113 0.910037 
0.380073 0.960489 0.640240 0.572835 0.412528 0.830835 0.910735 0.660001 0.540781 0.910035 
0.380070 0.960484 0.640239 0.572810 0.412492 0.830820 0.910723 0.660001 0.540727 0.910035 
0.380066 0.960478 0.640238 0.572785 0.412452 0.830802 0.910712 0.660001 0.540672 0.910035 
