178 1 temp
2.000000 
2.000000 
3.000000 
2.000000 
1.000000 
2.000000 
1.000000 
1.000000 
1.000000 
3.000000 
2.000000 
1.000000 
3.000000 
3.000000 
1.000000 
1.000000 
1.000000 
1.000000 
2.000000 
3.000000 
2.000000 
1.000000 
1.000000 
3.000000 
3.000000 
2.000000 
1.000000 
3.000000 
3.000000 
2.000000 
2.000000 
1.000000 
3.000000 
1.000000 
1.000000 
2.000000 
2.000000 
1.000000 
2.000000 
3.000000 
1.000000 
2.000000 
3.000000 
3.000000 
2.000000 
2.000000 
2.000000 
1.000000 
3.000000 
1.000000 
1.000000 
2.000000 
3.000000 
2.000000 
2.000000 
3.000000 
2.000000 
3.000000 
2.000000 
3.000000 
2.000000 
1.000000 
3.000000 
1.000000 
2.000000 
1.000000 
3.000000 
3.000000 
2.000000 
1.000000 
1.000000 
3.000000 
2.000000 
3.000000 
2.000000 
2.000000 
1.000000 
2.000000 
2.000000 
1.000000 
2.000000 
2.000000 
1.000000 
1.000000 
3.000000 
2.000000 
1.000000 
1.000000 
1.000000 
2.000000 
1.000000 
1.000000 
1.000000 
2.000000 
2.000000 
3.000000 
3.000000 
2.000000 
1.000000 
3.000000 
3.000000 
1.000000 
1.000000 
2.000000 
2.000000 
3.000000 
2.000000 
1.000000 
3.000000 
3.000000 
3.000000 
2.000000 
2.000000 
1.000000 
2.000000 
2.000000 
2.000000 
1.000000 
2.000000 
2.000000 
1.000000 
1.000000 
2.000000 
2.000000 
2.000000 
2.000000 
2.000000 
2.000000 
2.000000 
3.000000 
1.000000 
2.000000 
3.000000 
2.000000 
2.000000 
1.000000 
2.000000 
1.000000 
2.000000 
1.000000 
2.000000 
1.000000 
3.000000 
2.000000 
2.000000 
1.000000 
1.000000 
3.000000 
1.000000 
3.000000 
3.000000 
1.000000 
1.000000 
1.000000 
2.000000 
2.000000 
2.000000 
1.000000 
3.000000 
3.000000 
3.000000 
1.000000 
1.000000 
3.000000 
3.000000 
2.000000 
2.000000 
3.000000 
2.000000 
3.000000 
2.000000 
3.000000 
3.000000 
2.000000 
1.000000 
2.000000 
3.000000 
1.000000 
