178 3 temp
0 1 0 
0 1 0 
0 0 1 
0 1 0 
1 0 0 
0 1 0 
1 0 0 
1 0 0 
1 0 0 
0 0 1 
0 1 0 
1 0 0 
0 0 1 
0 0 1 
1 0 0 
1 0 0 
1 0 0 
1 0 0 
0 1 0 
0 0 1 
0 1 0 
1 0 0 
1 0 0 
0 0 1 
0 0 1 
0 1 0 
1 0 0 
0 0 1 
0 0 1 
0 1 0 
0 1 0 
1 0 0 
0 0 1 
1 0 0 
1 0 0 
0 1 0 
0 1 0 
1 0 0 
0 1 0 
0 0 1 
1 0 0 
0 1 0 
0 0 1 
0 0 1 
0 1 0 
0 1 0 
0 1 0 
1 0 0 
0 0 1 
1 0 0 
1 0 0 
0 1 0 
0 0 1 
0 1 0 
0 1 0 
0 0 1 
0 1 0 
0 0 1 
0 1 0 
0 0 1 
0 1 0 
1 0 0 
0 0 1 
1 0 0 
0 1 0 
1 0 0 
0 0 1 
0 0 1 
0 1 0 
1 0 0 
1 0 0 
0 0 1 
0 1 0 
0 0 1 
0 1 0 
0 1 0 
1 0 0 
0 1 0 
0 1 0 
1 0 0 
0 1 0 
0 1 0 
1 0 0 
1 0 0 
0 0 1 
0 1 0 
1 0 0 
1 0 0 
1 0 0 
0 1 0 
1 0 0 
1 0 0 
1 0 0 
0 1 0 
0 1 0 
0 0 1 
0 0 1 
0 1 0 
1 0 0 
0 0 1 
0 0 1 
1 0 0 
1 0 0 
0 1 0 
0 1 0 
0 0 1 
0 1 0 
1 0 0 
0 0 1 
0 0 1 
0 0 1 
0 1 0 
0 1 0 
1 0 0 
0 1 0 
0 1 0 
0 1 0 
1 0 0 
0 1 0 
0 1 0 
1 0 0 
1 0 0 
0 1 0 
0 1 0 
0 1 0 
0 1 0 
0 1 0 
0 1 0 
0 1 0 
0 0 1 
1 0 0 
0 1 0 
0 0 1 
0 1 0 
0 1 0 
1 0 0 
0 1 0 
1 0 0 
0 1 0 
1 0 0 
0 1 0 
1 0 0 
0 0 1 
0 1 0 
0 1 0 
1 0 0 
1 0 0 
0 0 1 
1 0 0 
0 0 1 
0 0 1 
1 0 0 
1 0 0 
1 0 0 
0 1 0 
0 1 0 
0 1 0 
1 0 0 
0 0 1 
0 0 1 
0 0 1 
1 0 0 
1 0 0 
0 0 1 
0 0 1 
0 1 0 
0 1 0 
0 0 1 
0 1 0 
0 0 1 
0 1 0 
0 0 1 
0 0 1 
0 1 0 
1 0 0 
0 1 0 
0 0 1 
1 0 0 
